341,342,3,4,5,6,7,8,9,10,11,12,13,14,15,16,17,18,19,20,344,345,
23,24,25,26,27,28,29,30,31,32,33,34,35,36,37,38,39,40,41,42,43,44,
45,46,47,48,49,50,309,310,309,310,309,310,309,310,309,310,309,310,309,310,65,66,
67,68,69,70,71,72,331,332,331,332,331,332,331,332,331,332,331,332,331,332,313,314,
89,90,91,92,93,94,309,310,317,318,99,100,101,102,103,104,190,106,309,310,335,336,
111,112,113,114,115,116,331,332,339,340,121,122,123,124,125,126,127,128,331,332,131,132,
133,134,135,136,137,138,309,310,309,310,143,144,145,146,147,148,149,150,311,312,153,154,
155,156,157,158,159,160,331,332,331,332,165,166,167,168,169,170,171,172,333,334,175,176,
177,178,179,180,181,182,315,316,309,310,187,188,189,190,191,192,193,194,147,148,197,198,
199,200,201,202,203,226,337,338,331,332,209,210,211,212,213,212,213,216,169,170,219,220,
221,222,223,224,309,310,309,310,309,310,231,232,233,234,235,234,235,238,191,192,241,242,
243,244,245,246,331,332,331,332,331,332,253,254,255,256,257,256,257,260,261,262,263,264,
341,342,267,268,269,270,271,272,273,274,275,276,277,278,279,280,281,282,283,284,344,345,
287,288,289,290,291,292,293,294,295,296,297,298,299,300,301,302,303,304,305,306,307,308