341,342,3,4,5,6,7,8,9,10,11,12,13,14,15,16,17,18,19,20,344,345,
23,24,25,26,27,28,29,30,31,32,33,34,35,36,37,38,39,40,41,42,43,44,
45,46,309,310,309,310,309,310,53,54,309,310,57,58,309,310,317,318,63,64,65,66,
67,68,331,332,331,332,331,332,75,76,331,332,79,80,331,332,339,340,85,86,87,88,
89,90,309,310,317,318,309,310,309,310,309,310,101,102,309,310,309,310,309,310,109,110,
111,112,331,332,339,340,331,332,331,332,331,332,123,124,331,332,331,332,331,332,131,132,
133,134,309,310,137,138,309,310,315,316,309,310,309,310,309,310,149,150,311,312,153,154,
155,156,331,332,159,160,331,332,337,338,331,332,331,332,331,332,171,172,333,334,175,176,
177,178,179,180,309,310,309,310,185,186,187,188,189,214,309,310,193,194,195,196,197,198,
199,200,201,202,331,332,331,332,183,184,209,234,235,236,331,332,215,216,313,314,219,220,
221,222,223,224,309,310,227,228,205,206,231,256,257,258,309,310,237,238,335,336,241,242,
243,244,245,246,331,332,249,250,227,228,253,254,255,256,331,332,259,260,261,262,263,264,
341,342,267,268,269,270,271,272,273,274,275,276,277,278,279,280,281,282,283,284,344,345,
287,288,289,290,291,292,293,294,295,296,297,298,299,300,301,302,303,304,305,306,307,308