341,342,3,4,5,6,7,8,9,10,11,12,13,14,15,16,17,18,19,20,344,345,
23,24,25,26,27,28,29,30,31,32,33,34,35,36,37,38,39,40,41,42,43,44,
45,46,309,310,309,310,309,310,309,310,55,56,317,318,309,310,61,62,63,64,65,66,
67,68,331,332,331,332,331,332,331,332,77,78,339,340,331,332,83,84,85,86,87,88,
89,90,309,310,93,94,95,96,309,310,309,310,309,310,309,310,309,310,107,108,109,110,
111,112,331,332,115,116,117,118,331,332,331,332,331,332,331,332,331,332,129,130,131,132,
133,134,311,312,137,138,309,310,315,316,309,310,145,146,309,310,149,150,151,152,153,154,
155,156,333,334,159,160,331,332,337,338,331,332,167,168,331,332,171,172,173,174,175,176,
177,178,179,180,309,310,309,310,309,310,309,310,309,310,309,310,309,310,309,310,197,198,
199,200,313,314,331,332,331,332,331,332,331,332,331,332,331,332,331,332,331,332,219,220,
221,222,335,336,309,310,227,228,229,230,309,310,233,234,309,310,317,318,239,240,241,242,
243,244,245,246,331,332,249,250,251,252,331,332,255,256,331,332,339,340,261,262,263,264,
341,342,267,268,269,270,271,272,273,274,275,276,277,278,279,280,281,282,283,284,344,345,
287,288,289,290,291,292,293,294,295,296,297,298,299,300,301,302,303,304,305,306,307,308